0.555921052631579 0.717647058823529 0.444444444444444 0 0.925161290322581 0.717647058823522
0.5 0.88235294117647 0.5 0 0.941935483870968 0.882352941176461
0.473684210526316 0.623529411764706 0.944444444444444 0 0.947096774193548 0.623529411764699
0 0.482352941176471 0.5 0 0.851612903225806 0.482352941176465
0.276315789473684 0.823529411764706 0.6 0 0.921290322580645 0.823529411764697
0.608552631578947 0.741176470588235 0.8 0 0.932903225806452 0.741176470588227
0.486842105263158 0.388235294117647 0.5 0 0.88258064516129 0.388235294117643
0.200657894736842 0.329411764705882 0.7 0 0.889032258064516 0.329411764705879
0.384868421052632 0.705882352941176 0.444444444444444 0 0.84258064516129 0.705882352941169
0.707236842105263 0.8 0.4 0 0.965161290322581 0.799999999999991
0.480263157894737 0.847058823529412 0.6 0 0.956129032258064 0.847058823529403
0.457236842105263 0.835294117647059 0.7 0 0.921290322580645 0.83529411764705
0.486842105263158 0.858823529411765 0.5 0 0.941935483870968 0.858823529411755
0.605263157894737 0.670588235294118 0.644444444444444 0 0.947096774193548 0.67058823529411
0.634868421052632 0.847058823529412 0.544444444444445 0 0.935483870967742 0.847058823529403
0.779605263157895 0.8 0.7 0 0.967741935483871 0.799999999999991
0.759868421052632 0.717647058823529 0.944444444444444 0 0.940645161290322 0.717647058823522
0.700657894736842 0.752941176470588 0.444444444444444 0 0.970322580645161 0.75294117647058
0.259868421052632 0.294117647058823 0.644444444444444 0 0.947096774193548 0.29411764705882
0.539473684210526 0.6 0.644444444444444 0 0.96258064516129 0.599999999999993
0.588815789473684 0.494117647058824 0.544444444444445 0 0.947096774193548 0.494117647058818
0.743421052631579 0.847058823529412 0.844444444444444 0 0.950967741935484 0.847058823529403
0.286184210526316 0.423529411764706 0.7 0 0.892903225806452 0.423529411764701
0.796052631578947 0.788235294117647 0.644444444444444 0 0.967741935483871 0.788235294117638
0.368421052631579 0.247058823529412 0.644444444444444 0 0.898064516129032 0.247058823529409
0.94078947368421 0.823529411764706 0.5 0 0.99741935483871 0.823529411764697
0.921052631578947 0.88235294117647 0.544444444444445 0 0.961290322580645 0.882352941176461
0.759868421052632 0.858823529411765 0.744444444444444 0 0.950967741935484 0.858823529411755
0.5 0.505882352941176 0.544444444444445 0 0.947096774193548 0.505882352941171
0.713815789473684 0.682352941176471 0.8 0 1 0.682352941176463
0.101973684210526 0.376470588235294 0.844444444444444 0 0.843870967741935 0.37647058823529
0.615131578947368 0.4 0.5 0 0.966451612903226 0.399999999999996
0.605263157894737 0.529411764705882 0.444444444444444 0 0.926451612903226 0.529411764705877
0.661184210526316 0.611764705882353 0.6 0 0.935483870967742 0.611764705882346
0.763157894736842 0.858823529411765 0.8 0 0.95741935483871 0.858823529411755
0.87828947368421 0.835294117647059 0.5 0 0.978064516129032 0.83529411764705
0.404605263157895 0.282352941176471 0.2 0 0.932903225806452 0.282352941176468
0.858552631578947 0.870588235294118 0.7 0 0.965161290322581 0.870588235294108
0.526315789473684 0.670588235294118 0.5 0 0.938064516129032 0.67058823529411
0.588815789473684 0.623529411764706 0.5 0 0.975483870967742 0.623529411764699
0.315789473684211 0.141176470588235 0.5 0 0.926451612903226 0.141176470588234
0.457236842105263 0.658823529411765 0.6 0 0.941935483870968 0.658823529411757
0.694078947368421 0.811764705882353 0.544444444444445 0 0.990967741935484 0.811764705882344
0.644736842105263 0.552941176470588 0.7 0 0.975483870967742 0.552941176470582
0.69078947368421 0.717647058823529 0.444444444444444 0 0.952258064516129 0.717647058823522
0.720394736842105 0.588235294117647 0.6 0 0.966451612903226 0.588235294117641
0.595394736842105 0.647058823529412 0.7 0 0.952258064516129 0.647058823529405
0.493421052631579 0.494117647058824 0.9 0 0.950967741935484 0.494117647058818
0.3125 0.788235294117647 0.6 0 0.935483870967742 0.788235294117638
0.598684210526316 0.517647058823529 0.8 0 0.940645161290322 0.517647058823524
0.62828947368421 0.658823529411765 0.544444444444445 0 0.940645161290322 0.658823529411757
0.805921052631579 0.764705882352941 0.844444444444444 0 0.932903225806452 0.764705882352933
0.625 0.8 0.744444444444444 0 0.943225806451613 0.799999999999991
0.516447368421053 0.611764705882353 0.744444444444444 0 0.979354838709677 0.611764705882346
0.605263157894737 0.482352941176471 0.944444444444444 0 0.943225806451613 0.482352941176465
0.450657894736842 0.529411764705882 0.644444444444444 0 0.952258064516129 0.529411764705877
0.476973684210526 0.623529411764706 0.5 0 0.854193548387097 0.623529411764699
0.384868421052632 0.482352941176471 0.344444444444445 0 0.932903225806452 0.482352941176465
0.213815789473684 0.576470588235294 0.4 0 0.931612903225806 0.576470588235288
0.276315789473684 0.117647058823529 0.744444444444444 0 0.447741935483871 0.117647058823528
0.473684210526316 0.482352941176471 0.744444444444444 0 0.940645161290322 0.482352941176465
0.572368421052632 0.788235294117647 0.344444444444445 0 0.950967741935484 0.788235294117638
0.575657894736842 0.717647058823529 0.744444444444444 0 0.952258064516129 0.717647058823522
1 0.870588235294118 0.7 0 1 0.870588235294108
0.667763157894737 0.682352941176471 0.444444444444444 0 0.950967741935484 0.682352941176463
0.0953947368421052 0.458823529411765 0.5 0 0.850322580645161 0.45882352941176
0.569078947368421 0.670588235294118 0.4 0 0.92258064516129 0.67058823529411
0.19078947368421 0.164705882352941 0.8 0 0.939354838709677 0.164705882352939
0.539473684210526 0.894117647058824 0.4 0 0.950967741935484 0.894117647058814
0.365131578947368 0.682352941176471 0.944444444444444 0 0.930322580645161 0.682352941176463
0.398026315789474 0.635294117647059 0.844444444444444 0 0.925161290322581 0.635294117647052
0.608552631578947 0.352941176470588 0.8 0 0.948387096774194 0.352941176470584
0.532894736842105 0.88235294117647 0.7 0 0.927741935483871 0.882352941176461
0.644736842105263 0.776470588235294 0.8 0 0.892903225806452 0.776470588235286
0.710526315789474 0.8 0.444444444444444 0 0.990967741935484 0.799999999999991
0.743421052631579 0.752941176470588 0.6 0 0.940645161290322 0.75294117647058
0.796052631578947 0.929411764705882 0.544444444444445 0 0.95741935483871 0.929411764705872
0.0953947368421052 0.270588235294118 0.444444444444444 0 0.727741935483871 0.270588235294115
0.101973684210526 0.258823529411765 0.7 0 0.818064516129032 0.258823529411762
0.309210526315789 0.823529411764706 0.344444444444445 0 0.941935483870968 0.823529411764697
0.381578947368421 0.270588235294118 0.2 0 0.932903225806452 0.270588235294115
0.746710526315789 0.858823529411765 0.8 0 0.950967741935484 0.858823529411755
0.289473684210526 0.635294117647059 0.4 0 0.889032258064516 0.635294117647052
0.80921052631579 0.764705882352941 0.9 0 0.947096774193548 0.764705882352933
0.641447368421053 0.894117647058824 0.544444444444445 0 0.927741935483871 0.894117647058814
0.62828947368421 0.764705882352941 0.8 0 0.939354838709677 0.764705882352933
0.0789473684210526 0.482352941176471 0.944444444444444 0 0.784516129032258 0.482352941176465
0.450657894736842 0.576470588235294 0.544444444444445 0 0.939354838709677 0.576470588235288
0.75 0.752941176470588 0.6 0 0.981935483870968 0.75294117647058
0.434210526315789 0.705882352941176 0.744444444444444 0 0.638709677419355 0.705882352941169
0.677631578947368 0.705882352941176 0.6 0 0.952258064516129 0.705882352941169
0.480263157894737 0.847058823529412 0.6 0 0.956129032258064 0.847058823529403
0.664473684210526 0.776470588235294 0.8 0 0.95741935483871 0.776470588235286
0.723684210526316 0.847058823529412 0.644444444444444 0 0.847741935483871 0.847058823529403
0.5 0.894117647058824 0.444444444444444 0 0.941935483870968 0.894117647058814
0.506578947368421 0.682352941176471 0.7 0 0.967741935483871 0.682352941176463
0.901315789473684 0.858823529411765 0.744444444444444 0 0.963870967741935 0.858823529411755
0.532894736842105 0.682352941176471 0.8 0 0.952258064516129 0.682352941176463
0.638157894736842 0.847058823529412 0.344444444444445 0 0.956129032258064 0.847058823529403
0.713815789473684 0.729411764705882 0.3 0 0.981935483870968 0.729411764705875
0.5 0.670588235294118 0.3 0 0.981935483870968 0.67058823529411
0.549342105263158 0.764705882352941 0.744444444444444 0 0.943225806451613 0.764705882352933
0.736842105263158 0.917647058823529 0.544444444444445 0 0.981935483870968 0.917647058823519
0.480263157894737 0.670588235294118 0.7 0 0.939354838709677 0.67058823529411
0.453947368421053 0.647058823529412 0.844444444444444 0 0.950967741935484 0.647058823529405
0.296052631578947 0.694117647058824 0.444444444444444 0 0.92258064516129 0.694117647058816
0.351973684210526 0.305882352941176 0.5 0 0.921290322580645 0.305882352941173
0.618421052631579 0.658823529411765 0.544444444444445 0 0.975483870967742 0.658823529411757
0.832236842105263 0.858823529411765 0.5 0 0.981935483870968 0.858823529411755
0.733552631578947 0.588235294117647 0.7 0 0.926451612903226 0.588235294117641
0.713815789473684 0.694117647058824 0.8 0 0.974193548387097 0.694117647058816
0.595394736842105 0.694117647058824 0.6 0 0.987096774193548 0.694117647058816
0.5625 0.729411764705882 0.6 0 0.956129032258064 0.729411764705875
0.509868421052632 0.88235294117647 0.7 0 0.952258064516129 0.882352941176461
0.447368421052632 0.858823529411765 0.2 0 0.895483870967742 0.858823529411755
0.572368421052632 0.647058823529412 0.7 0 0.944516129032258 0.647058823529405
0.555921052631579 0.352941176470588 0.8 0 0.945806451612903 0.352941176470584
0.842105263157895 0.8 0.744444444444444 0 0.811612903225806 0.799999999999991
0.648026315789474 0.341176470588235 0.4 0 0.811612903225806 0.341176470588232
0.736842105263158 0.658823529411765 0.6 0 0.940645161290322 0.658823529411757
0.631578947368421 0.729411764705882 0.744444444444444 0 0.944516129032258 0.729411764705875
0.473684210526316 0.623529411764706 0.944444444444444 0 0.947096774193548 0.623529411764699
0.588815789473684 0.776470588235294 0.544444444444445 0 0.948387096774194 0.776470588235286
0.25 0.164705882352941 0.844444444444444 0 0.940645161290322 0.164705882352939
0.694078947368421 0.776470588235294 0.7 0 0.981935483870968 0.776470588235286
0.197368421052632 0.552941176470588 0 0 0.850322580645161 0.552941176470582
0.736842105263158 0.917647058823529 0.544444444444445 0 0.981935483870968 0.917647058823519
0.118421052631579 0.541176470588235 0.4 0 0.810322580645161 0.54117647058823
0.526315789473684 0.447058823529412 0.544444444444445 0 0.923870967741935 0.447058823529407
0.559210526315789 0.658823529411765 0.744444444444444 0 0.92258064516129 0.658823529411757
0.332236842105263 0.576470588235294 0.944444444444444 0 0.876129032258064 0.576470588235288
0.644736842105263 0.517647058823529 0.7 0 0.947096774193548 0.517647058823524
0.605263157894737 0.494117647058824 0.9 0 0.985806451612903 0.494117647058818
0.263157894736842 0.647058823529412 0.4 0 0.883870967741936 0.647058823529405
0.342105263157895 0.117647058823529 0.2 0.25 0.935483870967742 0.117647058823528
0.434210526315789 0.764705882352941 0.944444444444444 0 0.953548387096774 0.764705882352933
0.572368421052632 0.752941176470588 0.7 0 0.958709677419355 0.75294117647058
0.358552631578947 0.435294117647059 0.444444444444444 0 0.932903225806452 0.435294117647054
0.845394736842105 0.858823529411765 0.8 0 0.979354838709677 0.858823529411755
0.789473684210526 0.776470588235294 0.4 0 0.981935483870968 0.776470588235286
0.44078947368421 0.4 0.7 0 0.931612903225806 0.399999999999996
0.174342105263158 0.341176470588235 0.344444444444445 0 0.851612903225806 0.341176470588232
0.674342105263158 0.764705882352941 0.8 0 0.940645161290322 0.764705882352933
0.62171052631579 0.541176470588235 0.8 0 0.947096774193548 0.54117647058823
0.0789473684210526 0.929411764705882 0.1 0 0.860645161290323 0.929411764705872
0.509868421052632 0.411764705882353 0.6 0 0.939354838709677 0.411764705882348
0.394736842105263 0.552941176470588 0.844444444444444 0 0.92258064516129 0.552941176470582
0.838815789473684 0.894117647058824 0.8 0 0.95741935483871 0.894117647058814
0.549342105263158 0.423529411764706 0.5 0 0.967741935483871 0.423529411764701
0.296052631578947 0.188235294117647 0.2 0 0.940645161290322 0.188235294117645
0.401315789473684 0.4 0.444444444444444 0 0.904516129032258 0.399999999999996
0.611842105263158 0.788235294117647 0.744444444444444 0 0.92258064516129 0.788235294117638
0.506578947368421 0.635294117647059 0.7 0 0.932903225806452 0.635294117647052
0.381578947368421 0.894117647058824 0.4 0 0.963870967741935 0.894117647058814
0.328947368421053 0.258823529411765 0.344444444444445 0 0.409032258064516 0.258823529411762
0.582236842105263 0.588235294117647 0.6 0 0.941935483870968 0.588235294117641
0.407894736842105 0.788235294117647 0.9 0 0.927741935483871 0.788235294117638
0.648026315789474 0.764705882352941 0.844444444444444 0 0.95741935483871 0.764705882352933
0.526315789473684 0.635294117647059 0.844444444444444 0 0.952258064516129 0.635294117647052
0.746710526315789 0.682352941176471 0.444444444444444 0 0.945806451612903 0.682352941176463
0.200657894736842 0.0352941176470588 0.6 0.25 0.941935483870968 0.0352941176470584
0.648026315789474 0.717647058823529 0.844444444444444 0 0.931612903225806 0.717647058823522
0.276315789473684 0.635294117647059 0.5 0 0.910967741935484 0.635294117647052
0.0789473684210526 0.929411764705882 0.1 0 0.860645161290323 0.929411764705872
0.720394736842105 0.835294117647059 0.544444444444445 0 0.952258064516129 0.83529411764705
0.444078947368421 0.576470588235294 0.8 0 0.944516129032258 0.576470588235288
0.450657894736842 0.552941176470588 0.8 0 0.944516129032258 0.552941176470582
0.726973684210526 0.88235294117647 0.6 0 0.95741935483871 0.882352941176461
0.671052631578947 0.505882352941176 0.5 0 0.909677419354839 0.505882352941171
0.0953947368421052 0.0470588235294118 0.4 0 0.965161290322581 0.0470588235294113
0.411184210526316 0.682352941176471 0.744444444444444 0 0.843870967741935 0.682352941176463
0.598684210526316 0.682352941176471 0.5 0 0.947096774193548 0.682352941176463
0.723684210526316 0.8 0.844444444444444 0 0.940645161290322 0.799999999999991
0.62171052631579 0.764705882352941 0.744444444444444 0 0.944516129032258 0.764705882352933
0.572368421052632 0.788235294117647 0.344444444444445 0 0.950967741935484 0.788235294117638
0.93421052631579 0.847058823529412 0.644444444444444 0 0.984516129032258 0.847058823529403
0.572368421052632 0.670588235294118 0.5 0 0.935483870967742 0.67058823529411
0.493421052631579 0.870588235294118 0.544444444444445 0 0.941935483870968 0.870588235294108
0.5 0.517647058823529 0.444444444444444 0 0.901935483870968 0.517647058823524
0.555921052631579 0.8 0.6 0 0.854193548387097 0.799999999999991
0.608552631578947 0.88235294117647 0.5 0 0.925161290322581 0.882352941176461
0.648026315789474 0.682352941176471 0.8 0 0.967741935483871 0.682352941176463
0.519736842105263 0.788235294117647 0.944444444444444 0 0.927741935483871 0.788235294117638
0.0789473684210526 0.929411764705882 0.1 0 0.860645161290323 0.929411764705872
0.6875 0.811764705882353 0.7 0 0.934193548387097 0.811764705882344
0.44078947368421 0.88235294117647 0.344444444444445 0 0.941935483870968 0.882352941176461
0.713815789473684 0.8 0.3 0 0.950967741935484 0.799999999999991
0.519736842105263 0.705882352941176 0.6 0 0.914838709677419 0.705882352941169
0.0986842105263158 0 0.944444444444444 0 0 0
0.664473684210526 0.541176470588235 0.2 0 0.943225806451613 0.54117647058823
0.654605263157895 0.776470588235294 0.844444444444444 0 0.95741935483871 0.776470588235286
0.62828947368421 0.682352941176471 0.8 0 0.931612903225806 0.682352941176463
0.710526315789474 0.576470588235294 0.844444444444444 0 0.930322580645161 0.576470588235288
0.49671052631579 0.647058823529412 0.6 0 0.952258064516129 0.647058823529405
0.0789473684210526 0.929411764705882 0.1 0 0.860645161290323 0.929411764705872
0.726973684210526 0.823529411764706 0.844444444444444 0 0.940645161290322 0.823529411764697
0.483552631578947 0.470588235294118 0.9 0 0.950967741935484 0.470588235294113
0.789473684210526 0.752941176470588 0.544444444444445 0 0.941935483870968 0.75294117647058
0.641447368421053 0.705882352941176 1 0 0.96 0.705882352941169
0.259868421052632 0.447058823529412 0.844444444444444 0 0.855483870967742 0.447058823529407
0.921052631578947 0.917647058823529 0.5 0 0.961290322580645 0.917647058823519
0.707236842105263 0.88235294117647 0.544444444444445 0 0.967741935483871 0.882352941176461
0.5625 0.658823529411765 0.8 0 0.940645161290322 0.658823529411757
0.822368421052632 0.847058823529412 0.9 0 0.965161290322581 0.847058823529403
0.638157894736842 0.788235294117647 0.8 0 0.932903225806452 0.788235294117638
0.411184210526316 0.482352941176471 0.4 0 0.92258064516129 0.482352941176465
0.490131578947368 0.388235294117647 0.644444444444444 0 0.949677419354839 0.388235294117643
0.773026315789474 0.717647058823529 0.444444444444444 0 0.943225806451613 0.717647058823522
0.680921052631579 0.811764705882353 0.244444444444444 0 0.965161290322581 0.811764705882344
0.351973684210526 0.717647058823529 0.744444444444444 0 0.929032258064516 0.717647058823522
0.572368421052632 0.694117647058824 0.4 0 0.938064516129032 0.694117647058816
0.37828947368421 0.670588235294118 0.4 0 0.867096774193548 0.67058823529411
0.414473684210526 0.258823529411765 0.155555555555556 0 0.929032258064516 0.258823529411762
0.473684210526316 0.552941176470588 0.444444444444444 0 0.92 0.552941176470582
0.608552631578947 0.647058823529412 0.8 0 0.987096774193548 0.647058823529405
0.891447368421053 0.858823529411765 0.644444444444444 0 0.905806451612903 0.858823529411755
0.605263157894737 0.741176470588235 0.844444444444444 0 0.901935483870968 0.741176470588227
0.328947368421053 0.4 0.5 0 0.939354838709677 0.399999999999996
0.555921052631579 0.552941176470588 0.744444444444444 0 0.947096774193548 0.552941176470582
0.835526315789474 0.823529411764706 0.9 0 0.96258064516129 0.823529411764697
0.845394736842105 0.788235294117647 0.8 0 0.947096774193548 0.788235294117638
0.700657894736842 0.858823529411765 0.6 0 0.948387096774194 0.858823529411755
0.618421052631579 0.682352941176471 0.8 0 0.931612903225806 0.682352941176463
0.506578947368421 0.858823529411765 0.4 0 0.932903225806452 0.858823529411755
0.49671052631579 0.235294117647059 0.544444444444445 0 0.971612903225806 0.235294117647056
0.532894736842105 0.647058823529412 0.644444444444444 0 0.947096774193548 0.647058823529405
0.335526315789474 0.541176470588235 0.644444444444444 0 0.921290322580645 0.54117647058823
0.694078947368421 0.776470588235294 0.7 0 0.981935483870968 0.776470588235286
0.697368421052632 0.705882352941176 0.4 0 0.983225806451613 0.705882352941169
0.532894736842105 0.682352941176471 0.3 0 0.92258064516129 0.682352941176463
0.634868421052632 1 0.944444444444444 0 0.95741935483871 0.999999999999989
0.578947368421053 0.623529411764706 0.744444444444444 0 0.947096774193548 0.623529411764699
0.542763157894737 0.588235294117647 0.8 0 0.947096774193548 0.588235294117641
0.842105263157895 0.858823529411765 0.7 0 0.965161290322581 0.858823529411755
0.723684210526316 0.847058823529412 0.744444444444444 0 0.987096774193548 0.847058823529403
0.828947368421053 0.917647058823529 0.6 0 0.987096774193548 0.917647058823519
0.598684210526316 0.529411764705882 0.5 0 0.926451612903226 0.529411764705877
0.523026315789474 0.541176470588235 0.7 0 0.947096774193548 0.54117647058823
0.779605263157895 0.694117647058824 0.644444444444444 0 0.932903225806452 0.694117647058816
0.578947368421053 0.717647058823529 0.444444444444444 0 0.938064516129032 0.717647058823522
0.480263157894737 0.623529411764706 0.5 0 0.935483870967742 0.623529411764699
0.513157894736842 0.576470588235294 0.244444444444444 0 0.952258064516129 0.576470588235288
0.309210526315789 0.611764705882353 0.444444444444444 0 0.931612903225806 0.611764705882346
0.832236842105263 0.835294117647059 0.544444444444445 0 0.996129032258065 0.83529411764705
0.506578947368421 0.647058823529412 0.644444444444444 0 0.941935483870968 0.647058823529405
0.588815789473684 0.717647058823529 0.444444444444444 0 0.938064516129032 0.717647058823522
0.0657894736842105 0.576470588235294 0.6 0 0.854193548387097 0.576470588235288
0.552631578947368 0.776470588235294 0.4 0 0.950967741935484 0.776470588235286
0.552631578947368 0.564705882352941 0.8 0 0.914838709677419 0.564705882352935
0.56578947368421 0.529411764705882 0.6 0 0.975483870967742 0.529411764705877
0.299342105263158 0.0705882352941176 0.5 0 0.856774193548387 0.0705882352941169
0.335526315789474 0.552941176470588 0.8 0 0.878709677419355 0.552941176470582
0.526315789473684 0.835294117647059 0.7 0 0.938064516129032 0.83529411764705
0.631578947368421 0.658823529411765 0.744444444444444 0 0.974193548387097 0.658823529411757
0.368421052631579 0.294117647058823 0.844444444444444 0 0.815483870967742 0.29411764705882
0.513157894736842 0.858823529411765 0.6 0 0.927741935483871 0.858823529411755
0.0953947368421052 0.894117647058824 0.1 0 0.860645161290323 0.894117647058814
0.671052631578947 0.729411764705882 0.644444444444444 0 0.578064516129032 0.729411764705875
0.625 0.576470588235294 0.0555555555555556 0 0.921290322580645 0.576470588235288
0.391447368421053 0.670588235294118 0.744444444444444 0 0.895483870967742 0.67058823529411
0.726973684210526 0.858823529411765 0.5 0 0.953548387096774 0.858823529411755
0.779605263157895 0.694117647058824 0.644444444444444 0 0.932903225806452 0.694117647058816
0.575657894736842 0.694117647058824 0.844444444444444 0 0.953548387096774 0.694117647058816
0.434210526315789 0.505882352941176 0.5 0 0.935483870967742 0.505882352941171
0.427631578947368 0.423529411764706 0.7 0 0.896774193548387 0.423529411764701
0.638157894736842 0.411764705882353 0.5 1 0.998709677419355 0.411764705882348
0.723684210526316 0.858823529411765 0.7 0 0.948387096774194 0.858823529411755
0.539473684210526 0.576470588235294 0.544444444444445 0 0.981935483870968 0.576470588235288
0.315789473684211 0.764705882352941 0.844444444444444 0 0.883870967741936 0.764705882352933
0.519736842105263 0.682352941176471 0.744444444444444 0 0.865806451612903 0.682352941176463
0.559210526315789 0.894117647058824 0.5 0 0.950967741935484 0.894117647058814
0.411184210526316 0.4 0.744444444444444 0 0.921290322580645 0.399999999999996
0.37828947368421 0.517647058823529 0.844444444444444 0 0.895483870967742 0.517647058823524
0.5625 0.658823529411765 0.8 0 0.940645161290322 0.658823529411757
0.486842105263158 0.329411764705882 0.3 0 0.578064516129032 0.329411764705879
0.434210526315789 0.4 0.6 0 0.974193548387097 0.399999999999996
0.697368421052632 0.788235294117647 0.544444444444445 0 0.99741935483871 0.788235294117638
0.657894736842105 0.611764705882353 0.9 0 0.96 0.611764705882346
0.4375 0.858823529411765 0.344444444444445 0 0.895483870967742 0.858823529411755
0.592105263157895 0.647058823529412 0.644444444444444 0 0.941935483870968 0.647058823529405
0.427631578947368 0.952941176470588 0.2 0 0.963870967741935 0.952941176470578
0.269736842105263 0.294117647058823 0.944444444444444 0 0.945806451612903 0.29411764705882
0.654605263157895 0.741176470588235 0.644444444444444 0 0.96 0.741176470588227
0.779605263157895 0.894117647058824 0.6 0 0.975483870967742 0.894117647058814
0.536184210526316 0.823529411764706 0.744444444444444 0 0.935483870967742 0.823529411764697
0.411184210526316 0.352941176470588 0.644444444444444 0 0.931612903225806 0.352941176470584
0.80921052631579 0.88235294117647 0.7 0 0.96 0.882352941176461
0.697368421052632 0.6 0.444444444444444 0 0.987096774193548 0.599999999999993
0.631578947368421 0.682352941176471 0.7 0 0.940645161290322 0.682352941176463
0.598684210526316 0.682352941176471 0.5 0 0.947096774193548 0.682352941176463
0.266447368421053 0.305882352941176 0.8 0 0.939354838709677 0.305882352941173
0.513157894736842 0.388235294117647 0.8 0 0.916129032258065 0.388235294117643
0.296052631578947 0.258823529411765 0.2 0 0.901935483870968 0.258823529411762
0.743421052631579 0.835294117647059 0.8 0 0.921290322580645 0.83529411764705
0.871710526315789 0.847058823529412 0.744444444444444 0 0.96 0.847058823529403
0.450657894736842 0.764705882352941 0.6 0 0.909677419354839 0.764705882352933
0.506578947368421 0.564705882352941 0.4 0 0.965161290322581 0.564705882352935
0.513157894736842 0.435294117647059 0.5 0 0.923870967741935 0.435294117647054
0.578947368421053 0.588235294117647 0.444444444444444 0 0.975483870967742 0.588235294117641
0.608552631578947 0.635294117647059 0.744444444444444 0 0.934193548387097 0.635294117647052
