0.555921052631579 0.717647058823529 0.444444444444444 0 0.925161290322581 0.717647058823529
0.5 0.88235294117647 0.5 0 0.941935483870968 0.88235294117647
0.473684210526316 0.623529411764706 0.944444444444444 0 0.947096774193548 0.944444444444444
0 0.482352941176471 0.5 0 0.851612903225806 0.5
0.276315789473684 0.823529411764706 0.6 0 0.921290322580645 0.823529411764706
0.608552631578947 0.741176470588235 0.8 0 0.932903225806452 0.8
0.486842105263158 0.388235294117647 0.5 0 0.88258064516129 0.5
0.200657894736842 0.329411764705882 0.7 0 0.889032258064516 0.7
0.384868421052632 0.705882352941176 0.444444444444444 0 0.84258064516129 0.705882352941176
0.707236842105263 0.8 0.4 0 0.965161290322581 0.8
0.480263157894737 0.847058823529412 0.6 0 0.956129032258064 0.847058823529412
0.457236842105263 0.835294117647059 0.7 0 0.921290322580645 0.835294117647059
0.486842105263158 0.858823529411765 0.5 0 0.941935483870968 0.858823529411765
0.605263157894737 0.670588235294118 0.644444444444444 0 0.947096774193548 0.670588235294118
0.634868421052632 0.847058823529412 0.544444444444445 0 0.935483870967742 0.847058823529412
0.779605263157895 0.8 0.7 0 0.967741935483871 0.8
0.759868421052632 0.717647058823529 0.944444444444444 0 0.940645161290322 0.944444444444444
0.700657894736842 0.752941176470588 0.444444444444444 0 0.970322580645161 0.752941176470588
0.259868421052632 0.294117647058823 0.644444444444444 0 0.947096774193548 0.644444444444444
0.539473684210526 0.6 0.644444444444444 0 0.96258064516129 0.644444444444444
0.588815789473684 0.494117647058824 0.544444444444445 0 0.947096774193548 0.588815789473684
0.743421052631579 0.847058823529412 0.844444444444444 0 0.950967741935484 0.847058823529412
0.286184210526316 0.423529411764706 0.7 0 0.892903225806452 0.7
0.796052631578947 0.788235294117647 0.644444444444444 0 0.967741935483871 0.796052631578947
0.368421052631579 0.247058823529412 0.644444444444444 0 0.898064516129032 0.644444444444444
0.94078947368421 0.823529411764706 0.5 0 0.99741935483871 0.94078947368421
0.921052631578947 0.88235294117647 0.544444444444445 0 0.961290322580645 0.921052631578947
0.759868421052632 0.858823529411765 0.744444444444444 0 0.950967741935484 0.858823529411765
0.5 0.505882352941176 0.544444444444445 0 0.947096774193548 0.544444444444445
0.713815789473684 0.682352941176471 0.8 0 1 0.8
0.101973684210526 0.376470588235294 0.844444444444444 0 0.843870967741935 0.844444444444444
0.615131578947368 0.4 0.5 0 0.966451612903226 0.615131578947368
0.605263157894737 0.529411764705882 0.444444444444444 0 0.926451612903226 0.605263157894737
0.661184210526316 0.611764705882353 0.6 0 0.935483870967742 0.661184210526316
0.763157894736842 0.858823529411765 0.8 0 0.95741935483871 0.858823529411765
0.87828947368421 0.835294117647059 0.5 0 0.978064516129032 0.87828947368421
0.404605263157895 0.282352941176471 0.2 0 0.932903225806452 0.404605263157895
0.858552631578947 0.870588235294118 0.7 0 0.965161290322581 0.870588235294118
0.526315789473684 0.670588235294118 0.5 0 0.938064516129032 0.670588235294118
0.588815789473684 0.623529411764706 0.5 0 0.975483870967742 0.623529411764706
0.315789473684211 0.141176470588235 0.5 0 0.926451612903226 0.5
0.457236842105263 0.658823529411765 0.6 0 0.941935483870968 0.658823529411765
0.694078947368421 0.811764705882353 0.544444444444445 0 0.990967741935484 0.811764705882353
0.644736842105263 0.552941176470588 0.7 0 0.975483870967742 0.7
0.69078947368421 0.717647058823529 0.444444444444444 0 0.952258064516129 0.717647058823529
0.720394736842105 0.588235294117647 0.6 0 0.966451612903226 0.720394736842105
0.595394736842105 0.647058823529412 0.7 0 0.952258064516129 0.7
0.493421052631579 0.494117647058824 0.9 0 0.950967741935484 0.9
0.3125 0.788235294117647 0.6 0 0.935483870967742 0.788235294117647
0.598684210526316 0.517647058823529 0.8 0 0.940645161290322 0.8
0.62828947368421 0.658823529411765 0.544444444444445 0 0.940645161290322 0.658823529411765
0.805921052631579 0.764705882352941 0.844444444444444 0 0.932903225806452 0.844444444444444
0.625 0.8 0.744444444444444 0 0.943225806451613 0.8
0.516447368421053 0.611764705882353 0.744444444444444 0 0.979354838709677 0.744444444444444
0.605263157894737 0.482352941176471 0.944444444444444 0 0.943225806451613 0.944444444444444
0.450657894736842 0.529411764705882 0.644444444444444 0 0.952258064516129 0.644444444444444
0.476973684210526 0.623529411764706 0.5 0 0.854193548387097 0.623529411764706
0.384868421052632 0.482352941176471 0.344444444444445 0 0.932903225806452 0.482352941176471
0.213815789473684 0.576470588235294 0.4 0 0.931612903225806 0.576470588235294
0.276315789473684 0.117647058823529 0.744444444444444 0 0.447741935483871 0.744444444444444
0.473684210526316 0.482352941176471 0.744444444444444 0 0.940645161290322 0.744444444444444
0.572368421052632 0.788235294117647 0.344444444444445 0 0.950967741935484 0.788235294117647
0.575657894736842 0.717647058823529 0.744444444444444 0 0.952258064516129 0.744444444444444
1 0.870588235294118 0.7 0 1 1
0.667763157894737 0.682352941176471 0.444444444444444 0 0.950967741935484 0.682352941176471
0.0953947368421052 0.458823529411765 0.5 0 0.850322580645161 0.5
0.569078947368421 0.670588235294118 0.4 0 0.92258064516129 0.670588235294118
0.19078947368421 0.164705882352941 0.8 0 0.939354838709677 0.8
0.539473684210526 0.894117647058824 0.4 0 0.950967741935484 0.894117647058824
0.365131578947368 0.682352941176471 0.944444444444444 0 0.930322580645161 0.944444444444444
0.398026315789474 0.635294117647059 0.844444444444444 0 0.925161290322581 0.844444444444444
0.608552631578947 0.352941176470588 0.8 0 0.948387096774194 0.8
0.532894736842105 0.88235294117647 0.7 0 0.927741935483871 0.88235294117647
0.644736842105263 0.776470588235294 0.8 0 0.892903225806452 0.8
0.710526315789474 0.8 0.444444444444444 0 0.990967741935484 0.8
0.743421052631579 0.752941176470588 0.6 0 0.940645161290322 0.752941176470588
0.796052631578947 0.929411764705882 0.544444444444445 0 0.95741935483871 0.929411764705882
0.0953947368421052 0.270588235294118 0.444444444444444 0 0.727741935483871 0.444444444444444
0.101973684210526 0.258823529411765 0.7 0 0.818064516129032 0.7
0.309210526315789 0.823529411764706 0.344444444444445 0 0.941935483870968 0.823529411764706
0.381578947368421 0.270588235294118 0.2 0 0.932903225806452 0.381578947368421
0.746710526315789 0.858823529411765 0.8 0 0.950967741935484 0.858823529411765
0.289473684210526 0.635294117647059 0.4 0 0.889032258064516 0.635294117647059
0.80921052631579 0.764705882352941 0.9 0 0.947096774193548 0.9
0.641447368421053 0.894117647058824 0.544444444444445 0 0.927741935483871 0.894117647058824
0.62828947368421 0.764705882352941 0.8 0 0.939354838709677 0.8
0.0789473684210526 0.482352941176471 0.944444444444444 0 0.784516129032258 0.944444444444444
0.450657894736842 0.576470588235294 0.544444444444445 0 0.939354838709677 0.576470588235294
0.75 0.752941176470588 0.6 0 0.981935483870968 0.752941176470588
0.434210526315789 0.705882352941176 0.744444444444444 0 0.638709677419355 0.744444444444444
0.677631578947368 0.705882352941176 0.6 0 0.952258064516129 0.705882352941176
0.480263157894737 0.847058823529412 0.6 0 0.956129032258064 0.847058823529412
0.664473684210526 0.776470588235294 0.8 0 0.95741935483871 0.8
0.723684210526316 0.847058823529412 0.644444444444444 0 0.847741935483871 0.847058823529412
0.5 0.894117647058824 0.444444444444444 0 0.941935483870968 0.894117647058824
0.506578947368421 0.682352941176471 0.7 0 0.967741935483871 0.7
0.901315789473684 0.858823529411765 0.744444444444444 0 0.963870967741935 0.901315789473684
0.532894736842105 0.682352941176471 0.8 0 0.952258064516129 0.8
0.638157894736842 0.847058823529412 0.344444444444445 0 0.956129032258064 0.847058823529412
0.713815789473684 0.729411764705882 0.3 0 0.981935483870968 0.729411764705882
0.5 0.670588235294118 0.3 0 0.981935483870968 0.670588235294118
0.549342105263158 0.764705882352941 0.744444444444444 0 0.943225806451613 0.764705882352941
0.736842105263158 0.917647058823529 0.544444444444445 0 0.981935483870968 0.917647058823529
0.480263157894737 0.670588235294118 0.7 0 0.939354838709677 0.7
0.453947368421053 0.647058823529412 0.844444444444444 0 0.950967741935484 0.844444444444444
0.296052631578947 0.694117647058824 0.444444444444444 0 0.92258064516129 0.694117647058824
0.351973684210526 0.305882352941176 0.5 0 0.921290322580645 0.5
0.618421052631579 0.658823529411765 0.544444444444445 0 0.975483870967742 0.658823529411765
0.832236842105263 0.858823529411765 0.5 0 0.981935483870968 0.858823529411765
0.733552631578947 0.588235294117647 0.7 0 0.926451612903226 0.733552631578947
0.713815789473684 0.694117647058824 0.8 0 0.974193548387097 0.8
0.595394736842105 0.694117647058824 0.6 0 0.987096774193548 0.694117647058824
0.5625 0.729411764705882 0.6 0 0.956129032258064 0.729411764705882
0.509868421052632 0.88235294117647 0.7 0 0.952258064516129 0.88235294117647
0.447368421052632 0.858823529411765 0.2 0 0.895483870967742 0.858823529411765
0.572368421052632 0.647058823529412 0.7 0 0.944516129032258 0.7
0.555921052631579 0.352941176470588 0.8 0 0.945806451612903 0.8
0.842105263157895 0.8 0.744444444444444 0 0.811612903225806 0.842105263157895
0.648026315789474 0.341176470588235 0.4 0 0.811612903225806 0.648026315789474
0.736842105263158 0.658823529411765 0.6 0 0.940645161290322 0.736842105263158
0.631578947368421 0.729411764705882 0.744444444444444 0 0.944516129032258 0.744444444444444
0.473684210526316 0.623529411764706 0.944444444444444 0 0.947096774193548 0.944444444444444
0.588815789473684 0.776470588235294 0.544444444444445 0 0.948387096774194 0.776470588235294
0.25 0.164705882352941 0.844444444444444 0 0.940645161290322 0.844444444444444
0.694078947368421 0.776470588235294 0.7 0 0.981935483870968 0.776470588235294
0.197368421052632 0.552941176470588 0 0 0.850322580645161 0.552941176470588
0.736842105263158 0.917647058823529 0.544444444444445 0 0.981935483870968 0.917647058823529
0.118421052631579 0.541176470588235 0.4 0 0.810322580645161 0.541176470588235
0.526315789473684 0.447058823529412 0.544444444444445 0 0.923870967741935 0.544444444444445
0.559210526315789 0.658823529411765 0.744444444444444 0 0.92258064516129 0.744444444444444
0.332236842105263 0.576470588235294 0.944444444444444 0 0.876129032258064 0.944444444444444
0.644736842105263 0.517647058823529 0.7 0 0.947096774193548 0.7
0.605263157894737 0.494117647058824 0.9 0 0.985806451612903 0.9
0.263157894736842 0.647058823529412 0.4 0 0.883870967741936 0.647058823529412
0.342105263157895 0.117647058823529 0.2 0.25 0.935483870967742 0.342105263157895
0.434210526315789 0.764705882352941 0.944444444444444 0 0.953548387096774 0.944444444444444
0.572368421052632 0.752941176470588 0.7 0 0.958709677419355 0.752941176470588
0.358552631578947 0.435294117647059 0.444444444444444 0 0.932903225806452 0.444444444444444
0.845394736842105 0.858823529411765 0.8 0 0.979354838709677 0.858823529411765
0.789473684210526 0.776470588235294 0.4 0 0.981935483870968 0.789473684210526
0.44078947368421 0.4 0.7 0 0.931612903225806 0.7
0.174342105263158 0.341176470588235 0.344444444444445 0 0.851612903225806 0.344444444444445
0.674342105263158 0.764705882352941 0.8 0 0.940645161290322 0.8
0.62171052631579 0.541176470588235 0.8 0 0.947096774193548 0.8
0.0789473684210526 0.929411764705882 0.1 0 0.860645161290323 0.929411764705882
0.509868421052632 0.411764705882353 0.6 0 0.939354838709677 0.6
0.394736842105263 0.552941176470588 0.844444444444444 0 0.92258064516129 0.844444444444444
0.838815789473684 0.894117647058824 0.8 0 0.95741935483871 0.894117647058824
0.549342105263158 0.423529411764706 0.5 0 0.967741935483871 0.549342105263158
0.296052631578947 0.188235294117647 0.2 0 0.940645161290322 0.296052631578947
0.401315789473684 0.4 0.444444444444444 0 0.904516129032258 0.444444444444444
0.611842105263158 0.788235294117647 0.744444444444444 0 0.92258064516129 0.788235294117647
0.506578947368421 0.635294117647059 0.7 0 0.932903225806452 0.7
0.381578947368421 0.894117647058824 0.4 0 0.963870967741935 0.894117647058824
0.328947368421053 0.258823529411765 0.344444444444445 0 0.409032258064516 0.344444444444445
0.582236842105263 0.588235294117647 0.6 0 0.941935483870968 0.6
0.407894736842105 0.788235294117647 0.9 0 0.927741935483871 0.9
0.648026315789474 0.764705882352941 0.844444444444444 0 0.95741935483871 0.844444444444444
0.526315789473684 0.635294117647059 0.844444444444444 0 0.952258064516129 0.844444444444444
0.746710526315789 0.682352941176471 0.444444444444444 0 0.945806451612903 0.746710526315789
0.200657894736842 0.0352941176470588 0.6 0.25 0.941935483870968 0.6
0.648026315789474 0.717647058823529 0.844444444444444 0 0.931612903225806 0.844444444444444
0.276315789473684 0.635294117647059 0.5 0 0.910967741935484 0.635294117647059
0.0789473684210526 0.929411764705882 0.1 0 0.860645161290323 0.929411764705882
0.720394736842105 0.835294117647059 0.544444444444445 0 0.952258064516129 0.835294117647059
0.444078947368421 0.576470588235294 0.8 0 0.944516129032258 0.8
0.450657894736842 0.552941176470588 0.8 0 0.944516129032258 0.8
0.726973684210526 0.88235294117647 0.6 0 0.95741935483871 0.88235294117647
0.671052631578947 0.505882352941176 0.5 0 0.909677419354839 0.671052631578947
0.0953947368421052 0.0470588235294118 0.4 0 0.965161290322581 0.4
0.411184210526316 0.682352941176471 0.744444444444444 0 0.843870967741935 0.744444444444444
0.598684210526316 0.682352941176471 0.5 0 0.947096774193548 0.682352941176471
0.723684210526316 0.8 0.844444444444444 0 0.940645161290322 0.844444444444444
0.62171052631579 0.764705882352941 0.744444444444444 0 0.944516129032258 0.764705882352941
0.572368421052632 0.788235294117647 0.344444444444445 0 0.950967741935484 0.788235294117647
0.93421052631579 0.847058823529412 0.644444444444444 0 0.984516129032258 0.93421052631579
0.572368421052632 0.670588235294118 0.5 0 0.935483870967742 0.670588235294118
0.493421052631579 0.870588235294118 0.544444444444445 0 0.941935483870968 0.870588235294118
0.5 0.517647058823529 0.444444444444444 0 0.901935483870968 0.517647058823529
0.555921052631579 0.8 0.6 0 0.854193548387097 0.8
0.608552631578947 0.88235294117647 0.5 0 0.925161290322581 0.88235294117647
0.648026315789474 0.682352941176471 0.8 0 0.967741935483871 0.8
0.519736842105263 0.788235294117647 0.944444444444444 0 0.927741935483871 0.944444444444444
0.0789473684210526 0.929411764705882 0.1 0 0.860645161290323 0.929411764705882
0.6875 0.811764705882353 0.7 0 0.934193548387097 0.811764705882353
0.44078947368421 0.88235294117647 0.344444444444445 0 0.941935483870968 0.88235294117647
0.713815789473684 0.8 0.3 0 0.950967741935484 0.8
0.519736842105263 0.705882352941176 0.6 0 0.914838709677419 0.705882352941176
0.0986842105263158 0 0.944444444444444 0 0 0.944444444444444
0.664473684210526 0.541176470588235 0.2 0 0.943225806451613 0.664473684210526
0.654605263157895 0.776470588235294 0.844444444444444 0 0.95741935483871 0.844444444444444
0.62828947368421 0.682352941176471 0.8 0 0.931612903225806 0.8
0.710526315789474 0.576470588235294 0.844444444444444 0 0.930322580645161 0.844444444444444
0.49671052631579 0.647058823529412 0.6 0 0.952258064516129 0.647058823529412
0.0789473684210526 0.929411764705882 0.1 0 0.860645161290323 0.929411764705882
0.726973684210526 0.823529411764706 0.844444444444444 0 0.940645161290322 0.844444444444444
0.483552631578947 0.470588235294118 0.9 0 0.950967741935484 0.9
0.789473684210526 0.752941176470588 0.544444444444445 0 0.941935483870968 0.789473684210526
0.641447368421053 0.705882352941176 1 0 0.96 1
0.259868421052632 0.447058823529412 0.844444444444444 0 0.855483870967742 0.844444444444444
0.921052631578947 0.917647058823529 0.5 0 0.961290322580645 0.921052631578947
0.707236842105263 0.88235294117647 0.544444444444445 0 0.967741935483871 0.88235294117647
0.5625 0.658823529411765 0.8 0 0.940645161290322 0.8
0.822368421052632 0.847058823529412 0.9 0 0.965161290322581 0.9
0.638157894736842 0.788235294117647 0.8 0 0.932903225806452 0.8
0.411184210526316 0.482352941176471 0.4 0 0.92258064516129 0.482352941176471
0.490131578947368 0.388235294117647 0.644444444444444 0 0.949677419354839 0.644444444444444
0.773026315789474 0.717647058823529 0.444444444444444 0 0.943225806451613 0.773026315789474
0.680921052631579 0.811764705882353 0.244444444444444 0 0.965161290322581 0.811764705882353
0.351973684210526 0.717647058823529 0.744444444444444 0 0.929032258064516 0.744444444444444
0.572368421052632 0.694117647058824 0.4 0 0.938064516129032 0.694117647058824
0.37828947368421 0.670588235294118 0.4 0 0.867096774193548 0.670588235294118
0.414473684210526 0.258823529411765 0.155555555555556 0 0.929032258064516 0.414473684210526
0.473684210526316 0.552941176470588 0.444444444444444 0 0.92 0.552941176470588
0.608552631578947 0.647058823529412 0.8 0 0.987096774193548 0.8
0.891447368421053 0.858823529411765 0.644444444444444 0 0.905806451612903 0.891447368421053
0.605263157894737 0.741176470588235 0.844444444444444 0 0.901935483870968 0.844444444444444
0.328947368421053 0.4 0.5 0 0.939354838709677 0.5
0.555921052631579 0.552941176470588 0.744444444444444 0 0.947096774193548 0.744444444444444
0.835526315789474 0.823529411764706 0.9 0 0.96258064516129 0.9
0.845394736842105 0.788235294117647 0.8 0 0.947096774193548 0.845394736842105
0.700657894736842 0.858823529411765 0.6 0 0.948387096774194 0.858823529411765
0.618421052631579 0.682352941176471 0.8 0 0.931612903225806 0.8
0.506578947368421 0.858823529411765 0.4 0 0.932903225806452 0.858823529411765
0.49671052631579 0.235294117647059 0.544444444444445 0 0.971612903225806 0.544444444444445
0.532894736842105 0.647058823529412 0.644444444444444 0 0.947096774193548 0.647058823529412
0.335526315789474 0.541176470588235 0.644444444444444 0 0.921290322580645 0.644444444444444
0.694078947368421 0.776470588235294 0.7 0 0.981935483870968 0.776470588235294
0.697368421052632 0.705882352941176 0.4 0 0.983225806451613 0.705882352941176
0.532894736842105 0.682352941176471 0.3 0 0.92258064516129 0.682352941176471
0.634868421052632 1 0.944444444444444 0 0.95741935483871 1
0.578947368421053 0.623529411764706 0.744444444444444 0 0.947096774193548 0.744444444444444
0.542763157894737 0.588235294117647 0.8 0 0.947096774193548 0.8
0.842105263157895 0.858823529411765 0.7 0 0.965161290322581 0.858823529411765
0.723684210526316 0.847058823529412 0.744444444444444 0 0.987096774193548 0.847058823529412
0.828947368421053 0.917647058823529 0.6 0 0.987096774193548 0.917647058823529
0.598684210526316 0.529411764705882 0.5 0 0.926451612903226 0.598684210526316
0.523026315789474 0.541176470588235 0.7 0 0.947096774193548 0.7
0.779605263157895 0.694117647058824 0.644444444444444 0 0.932903225806452 0.779605263157895
0.578947368421053 0.717647058823529 0.444444444444444 0 0.938064516129032 0.717647058823529
0.480263157894737 0.623529411764706 0.5 0 0.935483870967742 0.623529411764706
0.513157894736842 0.576470588235294 0.244444444444444 0 0.952258064516129 0.576470588235294
0.309210526315789 0.611764705882353 0.444444444444444 0 0.931612903225806 0.611764705882353
0.832236842105263 0.835294117647059 0.544444444444445 0 0.996129032258065 0.835294117647059
0.506578947368421 0.647058823529412 0.644444444444444 0 0.941935483870968 0.647058823529412
0.588815789473684 0.717647058823529 0.444444444444444 0 0.938064516129032 0.717647058823529
0.0657894736842105 0.576470588235294 0.6 0 0.854193548387097 0.6
0.552631578947368 0.776470588235294 0.4 0 0.950967741935484 0.776470588235294
0.552631578947368 0.564705882352941 0.8 0 0.914838709677419 0.8
0.56578947368421 0.529411764705882 0.6 0 0.975483870967742 0.6
0.299342105263158 0.0705882352941176 0.5 0 0.856774193548387 0.5
0.335526315789474 0.552941176470588 0.8 0 0.878709677419355 0.8
0.526315789473684 0.835294117647059 0.7 0 0.938064516129032 0.835294117647059
0.631578947368421 0.658823529411765 0.744444444444444 0 0.974193548387097 0.744444444444444
0.368421052631579 0.294117647058823 0.844444444444444 0 0.815483870967742 0.844444444444444
0.513157894736842 0.858823529411765 0.6 0 0.927741935483871 0.858823529411765
0.0953947368421052 0.894117647058824 0.1 0 0.860645161290323 0.894117647058824
0.671052631578947 0.729411764705882 0.644444444444444 0 0.578064516129032 0.729411764705882
0.625 0.576470588235294 0.0555555555555556 0 0.921290322580645 0.625
0.391447368421053 0.670588235294118 0.744444444444444 0 0.895483870967742 0.744444444444444
0.726973684210526 0.858823529411765 0.5 0 0.953548387096774 0.858823529411765
0.779605263157895 0.694117647058824 0.644444444444444 0 0.932903225806452 0.779605263157895
0.575657894736842 0.694117647058824 0.844444444444444 0 0.953548387096774 0.844444444444444
0.434210526315789 0.505882352941176 0.5 0 0.935483870967742 0.505882352941176
0.427631578947368 0.423529411764706 0.7 0 0.896774193548387 0.7
0.638157894736842 0.411764705882353 0.5 1 0.998709677419355 1
0.723684210526316 0.858823529411765 0.7 0 0.948387096774194 0.858823529411765
0.539473684210526 0.576470588235294 0.544444444444445 0 0.981935483870968 0.576470588235294
0.315789473684211 0.764705882352941 0.844444444444444 0 0.883870967741936 0.844444444444444
0.519736842105263 0.682352941176471 0.744444444444444 0 0.865806451612903 0.744444444444444
0.559210526315789 0.894117647058824 0.5 0 0.950967741935484 0.894117647058824
0.411184210526316 0.4 0.744444444444444 0 0.921290322580645 0.744444444444444
0.37828947368421 0.517647058823529 0.844444444444444 0 0.895483870967742 0.844444444444444
0.5625 0.658823529411765 0.8 0 0.940645161290322 0.8
0.486842105263158 0.329411764705882 0.3 0 0.578064516129032 0.486842105263158
0.434210526315789 0.4 0.6 0 0.974193548387097 0.6
0.697368421052632 0.788235294117647 0.544444444444445 0 0.99741935483871 0.788235294117647
0.657894736842105 0.611764705882353 0.9 0 0.96 0.9
0.4375 0.858823529411765 0.344444444444445 0 0.895483870967742 0.858823529411765
0.592105263157895 0.647058823529412 0.644444444444444 0 0.941935483870968 0.647058823529412
0.427631578947368 0.952941176470588 0.2 0 0.963870967741935 0.952941176470588
0.269736842105263 0.294117647058823 0.944444444444444 0 0.945806451612903 0.944444444444444
0.654605263157895 0.741176470588235 0.644444444444444 0 0.96 0.741176470588235
0.779605263157895 0.894117647058824 0.6 0 0.975483870967742 0.894117647058824
0.536184210526316 0.823529411764706 0.744444444444444 0 0.935483870967742 0.823529411764706
0.411184210526316 0.352941176470588 0.644444444444444 0 0.931612903225806 0.644444444444444
0.80921052631579 0.88235294117647 0.7 0 0.96 0.88235294117647
0.697368421052632 0.6 0.444444444444444 0 0.987096774193548 0.697368421052632
0.631578947368421 0.682352941176471 0.7 0 0.940645161290322 0.7
0.598684210526316 0.682352941176471 0.5 0 0.947096774193548 0.682352941176471
0.266447368421053 0.305882352941176 0.8 0 0.939354838709677 0.8
0.513157894736842 0.388235294117647 0.8 0 0.916129032258065 0.8
0.296052631578947 0.258823529411765 0.2 0 0.901935483870968 0.296052631578947
0.743421052631579 0.835294117647059 0.8 0 0.921290322580645 0.835294117647059
0.871710526315789 0.847058823529412 0.744444444444444 0 0.96 0.871710526315789
0.450657894736842 0.764705882352941 0.6 0 0.909677419354839 0.764705882352941
0.506578947368421 0.564705882352941 0.4 0 0.965161290322581 0.564705882352941
0.513157894736842 0.435294117647059 0.5 0 0.923870967741935 0.513157894736842
0.578947368421053 0.588235294117647 0.444444444444444 0 0.975483870967742 0.588235294117647
0.608552631578947 0.635294117647059 0.744444444444444 0 0.934193548387097 0.744444444444444
