RMSE 0.232687551942176
Av. abs error 0.189442434279882
Pearson Correlation 0.130328050673901
Spearman Correlation 0.237386642199266
Orness 0.999702834799609
i Shapley i
1 0.25029716520039
2 0.250297165200394
3 0.250297165200394
4 0.249108504398827
binary number fm.weights
1 0.999999999999998
2 0.999999999999999
3 0.999999999999998
4 1
5 0.999999999999998
6 1.00000000000001
7 1
8 0.996434017595309
9 0.999999999999999
10 0.999999999999999
11 0.999999999999998
12 0.999999999999999
13 0.999999999999998
14 1.00000000000001
15 1.00000000000001
